0.0
5.885614974276976e-07
2.3542446042079668e-06
5.2970451633327365e-06
9.41695624689931e-06
1.4713968155444235e-05
2.118806841866494e-05
2.8839241794864634e-05
3.766747027122985e-05
4.767273306405251e-05
5.885500661845233e-05
7.121426460854341e-05
8.475047793771173e-05
9.946361473822662e-05
0.00011535364037190687
0.00013242051742962113
0.000150664205731732
0.00017008466232815156
0.00019068184149834133
0.00021245569475147885
0.00023540617082656867
0.0002595332156925534
0.00028483677254836914
0.0003113167818232232
0.00033897318117676045
0.0003678059054988969
0.0003978148869103748
0.00042900005476265157
0.0004613613356381774
0.0004948986533505617
0.0005296119289446288
0.0005655010806968619
0.0006025660241153474
0.0006408066719401084
0.0006802229341432153
0.0007208147179291191
0.0007625819277347068
0.000805524465229801
0.0008496422293171046
0.0008949351161324226
0.0009414030190452727
0.000989045828658719
0.0010378634328099268
0.001087855716570163
0.0011390225622454064
0.0011913638493761813
0.0012448794547383346
0.0012995692523429248
0.0013554331134367215
0.0014124709065024832
0.0014706824972591237
0.0015300677486623226
0.0015906265209045256
0.0016523586714155547
0.0017152640548627196
0.0017793425231512616
0.0018445939254246868
0.0019110181080651545
0.001978614914693866
0.002047384186171175
0.0021173257605974216
0.0021884394733128754
0.002260725156898402
0.002334182641175686
0.002408811753207729
0.002484612317299295
0.0025615841549971874
0.002639727085090693
0.002719040923612248
0.002799525483837495
0.0028811805762860576
0.0029640060087216535
0.003048001586152871
0.0031331671108335013
0.0032195023822629287
0.00330700719718674
0.0033956813495969462
0.0034855246307328724
0.0035765368290813226
0.003668717730377191
0.003762067117603962
0.003856584770994209
0.00395227046803015
0.004049123983444092
0.004147145089218984
0.004246333554589143
0.004346689146040417
0.004448211627311127
0.004550900759392351
0.004654756300528584
0.004759778006218407
0.004865965629214819
0.004973318919526126
0.005081837624416163
0.005191521488405237
0.005302370253270572
0.005414383658046973
0.005527561439027218
0.005641903329762998
0.005757409061065366
0.005874078361005508
0.005991910954915081
0.006110906565387264
0.00623106491227704
0.0063523857127021355
0.006474868681043577
0.006598513528946248
0.0067233199653198294
0.006849287696339246
0.0069764164254454974
0.007104705853346216
0.007234155678016607
0.007364765594699896
0.007496535295908213
0.0076294644714233195
0.007763552808297103
0.0078987999908528
0.008035205700685166
0.008172769616661635
0.008311491414922934
0.008451370768883804
0.008592407349233777
0.008734600823938177
0.008877950858238504
0.009022457114653493
0.009168119252979945
0.009314936930293283
0.009462909800948605
0.009612037516581406
0.009762319726108304
0.009913756075728086
0.010066346208922272
0.010220089766456109
0.01037498638637957
0.010531035704027802
0.010688237352022345
0.010846590960271907
0.011006096155973089
0.011166752563611437
0.011328559804962224
0.011491517499091441
0.011655625262356584
0.011820882708407587
0.011987289448187777
0.012154845089934752
0.01232354923918133
0.01249340149875644
0.012664401468786057
0.01283654874669421
0.013009842927203863
0.01318428360233792
0.013359870361420001
0.013536602791075825
0.013714480475233659
0.013893502995125762
0.014073669929289101
0.014254980853566301
0.014437435341106863
0.014621032962368108
0.014805773285116064
0.014991655874426524
0.015178680292686153
0.01536684609959349
0.015556152852159888
0.01574660010471074
0.015938187408886362
0.016130914313643108
0.016324780365254365
0.016519785107311835
0.016715928080726417
0.01691320882372921
0.017111626871872843
0.01731118175803248
0.017511873012406753
0.017713700162519108
0.01791666273321879
0.01812076024668202
0.01832599222241299
0.01853235817724519
0.01873985762534236
0.01894849007819971
0.019158255044645245
0.019369152030840553
0.019581180540282295
0.01979434007380315
0.020008630129573157
0.020224050203100863
0.020440599787234337
0.020658278372162664
0.020877085445416887
0.021097020491871343
0.02131808299374477
0.021540272430601692
0.02176358827935354
0.021988030014259863
0.022213597106929606
0.02244028902632239
0.02266810523874957
0.022897045207875832
0.023127108394720097
0.023358294257657064
0.02359060225241838
0.02382403183209386
0.024058582447132826
0.02429425354534548
0.02453104457190397
0.024768954969344115
0.025007984177566278
0.025248131633836823
0.025489396772789663
0.02573177902642726
0.025975277824122123
0.02621989259261831
0.02646562275603237
0.026712467735855117
0.026960426950952687
0.02720949981756815
0.027459685749322726
0.027710984157217067
0.027963394449633028
0.02821691603233467
0.028471548308469763
0.028727290678571327
0.028984142540558977
0.02924210328974014
0.029501172318811775
0.029761349017861705
0.03002263277436995
0.03028502297321034
0.03054851899665173
0.03081312022435967
0.03107882603339779
0.03134563579822919
0.03161354889071821
0.0318825646801314
0.032152682533139465
0.03242390181381849
0.032696221883651566
0.03296964210153036
0.033244161823756335
0.033519780404042576
0.033796497193515074
0.03407431154071455
0.03435322279159758
0.03463323028953852
0.03491433337533084
0.035196531387188756
0.0354798236607487
0.035764209529070945
0.036049688322641216
0.03633625936937224
0.03662392199460529
0.03691267552111177
0.03720251926909479
0.03749345255619091
0.03778547469747162
0.038078585005444976
0.03837278279005718
0.03866806735869427
0.03896443801618371
0.03926189406479619
0.03956043480424687
0.03986005953169747
0.04016076754175768
0.0404625581264868
0.04076543057539567
0.041069384175447976
0.04137441821106219
0.0416805319641132
0.041987724713933805
0.042295995737316794
0.04260534430851637
0.04291576969924987
0.04322727117869957
0.04353984801351429
0.04385349946781136
0.04416822480317811
0.04448402327867357
0.044800894150830606
0.04511883667365707
0.045437850098638155
0.045757933674737794
0.046079086648400436
0.04640130826355304
0.0467245977616067
0.047048954381458286
0.047374377359492625
0.04770086592958395
0.048028419323097815
0.048357036768893025
0.04868671749332326
0.04901746072023899
0.04934926567098924
0.04968213156442364
0.05001605761689393
0.05035104304225607
0.05068708705187186
0.051024188854611185
0.051362347656853435
0.0517015626624896
0.05204183307292409
0.05238315808707661
0.05272553690138426
0.05306896870980293
0.05341345270380976
0.0537589880724047
0.05410557400211241
0.054453209676984415
0.05480189427860083
0.05515162698607229
0.055502406976041974
0.05585423342268753
0.05620710549772295
0.05656102237040056
0.056915983207512955
0.057271987173395045
0.057629033429925924
0.05798712113653082
0.05834624945018324
0.058706417525406784
0.05906762451427716
0.05942986956642432
0.059793151829034275
0.06015747044685121
0.060522824562179556
0.060889213314885726
0.06125663584240054
0.06162509127972099
0.06199457875941228
0.062365097411610115
0.06273664636402232
0.06310922474193131
0.06348283166819596
0.06385746626325361
0.06423312764512235
0.06460981492940276
0.06498752722928036
0.0653662636555275
0.06574602331650553
0.06612680531816667
0.06650860876405651
0.06689143275531573
0.06727527639068259
0.06766013876649468
0.06804601897669127
0.06843291611281554
0.06882082926401634
0.06920975751705072
0.0695996999562859
0.0699906556637015
0.07038262371889159
0.07077560319906695
0.07116959317905713
0.07156459273131299
0.07196060092590822
0.0723576168305422
0.07275563951054193
0.07315466802886383
0.07355470144609694
0.07395573882046397
0.07435777920782438
0.07476082166167619
0.0751648652331583
0.07556990897105281
0.07597595192178702
0.07638299312943603
0.07679103163572465
0.07720006648002992
0.07761009669938312
0.07802112132847233
0.07843313939964441
0.07884614994290756
0.07926015198593322
0.07967514455405889
0.08009112667028989
0.08050809735530201
0.0809260556274437
0.0813450005027383
0.08176493099488663
0.08218584611526891
0.08260774487294753
0.0830306262746689
0.08345448932486627
0.0838793330256617
0.08430515637686864
0.08473195837599418
0.08515973801824134
0.08558849429651177
0.08601822620140759
0.08644893272123422
0.08688061284200255
0.08731326554743146
0.08774688981894996
0.08818148463569991
0.08861704897453815
0.08905358181003914
0.08949108211449724
0.08992954885792898
0.09036898100807589
0.09080937753040652
0.09125073738811917
0.09169305954214418
0.09213634295114637
0.09258058657152751
0.093025789357429
0.09347195026073374
0.09391906823106938
0.09436714221581016
0.09481617116007968
0.09526615400675342
0.09571708969646103
0.09616897716758893
0.09662181535628289
0.09707560319645048
0.09753033961976337
0.09798602355566033
0.0984426539313491
0.09890022967180956
0.0993587496997958
0.09981821293583892
0.10027861829824947
0.1007399647031198
0.10120225106432723
0.10166547629353578
0.10212963930019947
0.10259473899156418
0.10306077427267102
0.10352774404635823
0.10399564721326404
0.1044644826718294
0.1049342493183002
0.10540494604673029
0.10587657174898368
0.10634912531473756
0.10682260563148455
0.10729701158453558
0.10777234205702219
0.10824859592989966
0.10872577208194911
0.10920386938978055
0.10968288672783538
0.11016282296838881
0.11064367698155297
0.11112544763527915
0.11160813379536083
0.11209173432543601
0.11257624808699007
0.11306167393935834
0.11354801073972914
0.1140352573431459
0.1145234126025102
0.11501247536858461
0.11550244448999497
0.11599331881323344
0.1164850971826612
0.116977778440511
0.1174713614268898
0.11796584497978202
0.11846122793505165
0.11895750912644543
0.11945468738559523
0.11995276154202117
0.12045173042313423
0.12095159285423884
0.12145234765853596
0.1219539936571255
0.1224565296690095
0.12295995451109443
0.12346426699819452
0.12396946594303399
0.12447555015625039
0.12498251844639685
0.12549036961994536
0.12599910248128937
0.12650871583274648
0.1270192084745616
0.12753057920490946
0.1280428268198976
0.12855595011356896
0.12906994787790527
0.1295848189028293
0.13010056197620795
0.1306171758838553
0.13113465940953495
0.13165301133496343
0.13217223043981285
0.13269231550171373
0.13321326529625782
0.13373507859700123
0.13425775417546704
0.13478129080114842
0.13530568724151137
0.13583094226199754
0.1363570546260276
0.13688402309500342
0.13741184642831178
0.13794052338332657
0.1384700527154123
0.1390004331779266
0.13953166352222346
0.1400637424976559
0.14059666885157912
0.14113044132935348
0.14166505867434714
0.14220051962793945
0.1427368229295236
0.1432739673165096
0.14381195152432757
0.14435077428643028
0.14489043433429638
0.14543093039743338
0.14597226120338064
0.14651442547771226
0.14705742194404015
0.14760124932401697
0.14814590633733948
0.14869139170175094
0.14923770413304466
0.14978484234506678
0.15033280504971946
0.15088159095696357
0.15143119877482214
0.15198162720938319
0.15253287496480272
0.15308494074330803
0.1536378232452003
0.15419152116885826
0.15474603321074076
0.15530135806539003
0.15585749442543473
0.15641444098159313
0.156972196422676
0.15753075943558986
0.1580901287053399
0.15865030291503335
0.1592112807458823
0.15977306087720688
0.16033564198643857
0.16089902274912288
0.1614632018389231
0.1620281779276228
0.1625939496851293
0.16316051577947666
0.16372787487682894
0.16429602564148332
0.16486496673587303
0.16543469682057088
0.16600521455429207
0.16657651859389755
0.16714860759439693
0.16772148020895217
0.16829513508888005
0.16886957088365606
0.16944478624091686
0.17002077980646407
0.17059755022426715
0.1711750961364666
0.17175341618337736
0.17233250900349173
0.1729123732334828
0.1734930075082074
0.17407441046070982
0.17465658072222429
0.17523951692217898
0.17582321768819859
0.17640768164610798
0.17699290741993512
0.1775788936319147
0.17816563890249093
0.1787531418503212
0.17934140109227892
0.17993041524345726
0.18052018291717203
0.18111070272496493
0.1817019732766072
0.18229399318010236
0.18288676104169005
0.18348027546584894
0.18407453505529991
0.18466953841100986
0.1852652841321944
0.18586177081632166
0.18645899705911523
0.18705696145455764
0.18765566259489352
0.1882550990706332
0.18885526947055575
0.18945617238171242
0.19005780638942993
0.19066017007731373
0.1912632620272517
0.1918670808194169
0.1924716250322714
0.19307689324256938
0.1936828840253607
0.19428959595399392
0.1948970276001199
0.19550517753369506
0.19611404432298501
0.1967236265345675
0.19733392273333594
0.19794493148250308
0.1985566513436039
0.19916908087649948
0.19978221863938006
0.20039606318876846
0.20101061307952361
0.20162586686484396
0.20224182309627065
0.20285848032369125
0.203475837095343
0.20409389195781613
0.2047126434560575
0.20533209013337372
0.2059522305314352
0.20657306319027874
0.20719458664831159
0.20781679944231451
0.20843970010744578
0.20906328717724376
0.2096875591836312
0.21031251465691825
0.21093815212580597
0.21156447011738982
0.2121914671571632
0.2128191417690209
0.2134474924752624
0.21407651779659564
0.21470621625214026
0.21533658635943115
0.2159676266344221
0.21659933559148897
0.2172317117434336
0.21786475360148683
0.21849845967531245
0.21913282847301052
0.2197678585011209
0.22040354826462655
0.22103989626695753
0.22167690100999393
0.2223145609940701
0.22295287471797748
0.22359184067896848
0.22423145737276012
0.22487172329353738
0.22551263693395673
0.2261541967851498
0.22679640133672702
0.2274392490767807
0.22808273849188926
0.22872686806712028
0.2293716362860343
0.23001704163068826
0.23066308258163942
0.2313097576179482
0.23195706521718262
0.23260500385542132
0.23325357200725755
0.23390276814580196
0.23455259074268753
0.2352030382680717
0.2358541091906412
0.23650580197761495
0.2371581150947476
0.23781104700633388
0.2384645961752112
0.2391187610627642
0.23977354012892776
0.24042893183219105
0.24108493462960046
0.2417415469767643
0.24239876732785542
0.24305659413561564
0.24371502585135874
0.24437406092497432
0.24503369780493212
0.24569393493828418
0.24635477077067014
0.24701620374631983
0.24767823230805747
0.24834085489730467
0.24900406995408508
0.24966787591702722
0.25033227122336865
0.25099725430895936
0.25166282360826553
0.25232897755437345
0.2529957145789926
0.25366303311246025
0.2543309315837442
0.25499940842044755
0.2556684620488109
0.25633809089371773
0.2570082933786969
0.257679067925927
0.25835041295623973
0.2590223268891235
0.25969480814272805
0.26036785513386673
0.26104146627802155
0.261715639989346
0.2623903746806696
0.2630656687635007
0.2637415206480308
0.26441792874313863
0.265094891456393
0.26577240719405715
0.2664504743610922
0.2671290913611617
0.2678082565966337
0.26848796846858664
0.2691682253768113
0.2698490257198159
0.27053036789482854
0.27121225029780227
0.27189467132341855
0.2725776293650899
0.2732611228149654
0.27394515006393316
0.274629709501625
0.27531479951641935
0.27600041849544593
0.2766865648245889
0.27737323688849136
0.27806043307055783
0.27874815175295975
0.27943639131663833
0.280125150141308
0.2808144266054613
0.28150421908637163
0.2821945259600982
0.28288534560148837
0.28357667638418316
0.2842685166806195
0.28496086486203553
0.2856537192984729
0.28634707835878204
0.2870409404106254
0.2877353038204805
0.28843016695364554
0.28912552817424153
0.2898213858452173
0.29051773832835237
0.2912145839842621
0.29191192117240006
0.29260974825106334
0.2933080635773949
0.2940068655073889
0.2947061523958939
0.29540592259661624
0.2961061744621249
0.29680690634385454
0.2975081165921103
0.29820980355607035
0.2989119655837913
0.2996146010222107
0.3003177082171523
0.3010212855133283
0.301725331254345
0.30242984378270565
0.30313482143981413
0.30384026256597985
0.30454616550042063
0.3052525285812677
0.3059593501455682
0.3066666285292906
0.3073743620673273
0.3080825490934998
0.3087911879405615
0.309500276940202
0.31020981442305184
0.3109197987186848
0.31163022815562347
0.31234110106134194
0.31305241576227094
0.31376417058380024
0.3144763638502842
0.3151889938850445
0.3159020590103749
0.31661555754754456
0.31732948781680237
0.3180438481373812
0.3187586368275006
0.31947385220437263
0.320189492584204
0.3209055562822016
0.3216220416125749
0.3223389468885415
0.3230562704223298
0.32377401052518406
0.32449216550736726
0.325210733678166
0.32592971334589416
0.3266491028178964
0.32736890040055333
0.32808910439928407
0.32880971311855156
0.3295307248618653
0.3302521379317864
0.33097395062993107
0.33169616125697465
0.33241876811265575
0.33314176949577984
0.33386516370422414
0.3345889490349404
0.33531312378396017
0.33603768624639774
0.3367626347164551
0.33748796748742493
0.3382136828516956
0.3389397791007546
0.33966625452519283
0.3403931074147084
0.3411203360581107
0.34184793874332486
0.3425759137573949
0.3433042593864887
0.3440329739159014
0.3447620556300599
0.3454915028125263
0.3462213137460026
0.34695148671233433
0.34768201999251475
0.34841291186668877
0.3491441606141571
0.34987576451338054
0.3506077218419831
0.3513400308767575
0.352072689893668
0.35280569716785526
0.3535390509736396
0.3542727495845257
0.355006791273207
0.3557411743115682
0.35647589697069143
0.3572109575208585
0.3579463542315565
0.35868208537148016
0.35941814920853776
0.36015454400985364
0.36089126804177374
0.36162831956986796
0.36236569685893594
0.3631033981730104
0.3638414217753605
0.3645797659284974
0.3653184288941773
0.366057408933406
0.3667967043064424
0.36753631327280367
0.3682762340912681
0.36901646501988034
0.3697570043159543
0.3704978502360786
0.3712390010361199
0.3719804549712264
0.3727222102958335
0.3734642652636665
0.3742066181277458
0.3749492671403897
0.37569221055322005
0.3764354466171651
0.37717897358246466
0.37792278969867293
0.37866689321466396
0.3794112823786353
0.3801559554381113
0.38090091063994874
0.38164614623033954
0.3823916604548162
0.3831374515582544
0.3838835177848787
0.38462985737826555
0.3853764685813482
0.3861233496364198
0.38687049878513885
0.3876179142685327
0.38836559432700096
0.38911353720032127
0.3898617411276518
0.3906102043475368
0.39135892509790937
0.39210790161609693
0.39285713213882434
0.393606614902219
0.3943563481418136
0.39510633009255197
0.39585655898879224
0.3966070330643107
0.39735775055230704
0.39810870968540746
0.3988599086956697
0.39961134581458607
0.4003630192730891
0.4011149273015543
0.4018670681298055
0.40261943998711797
0.40337204110222324
0.4041248697033135
0.40487792401804457
0.40563120227354166
0.40638470269640226
0.4071384235127013
0.4078923629479942
0.40864651922732237
0.40940089057521617
0.41015547521570017
0.4109102713722963
0.4116652772680287
0.4124204911254281
0.4131759111665348
0.4139315356129046
0.41468736268561135
0.41544339060525265
0.4161996175919523
0.4169560418653663
0.41771266164468557
0.4184694751486413
0.41922648059550827
0.41998367620310917
0.42074106018881974
0.42149863076957134
0.42225638616185673
0.4230143245817331
0.42377244424482735
0.42453074336633884
0.4252892201610452
0.42604787284330525
0.42680669962706425
0.42756569872585715
0.42832486835281314
0.4290842067206607
0.42984371204172994
0.4306033825279589
0.43136321639089614
0.4321232118417061
0.43288336709117226
0.43364368034970235
0.4344041498273318
0.4351647737337285
0.4359255502781967
0.43668647766968105
0.4374475541167717
0.438208777827707
0.4389701470103794
0.43973165987233837
0.4404933146207956
0.4412551094626281
0.44201704260438346
0.44277911225228395
0.4435413166122299
0.4443036538898048
0.4450661222902791
0.4458287200186149
0.44659144527946915
0.44735429627719925
0.44811727121586614
0.44888036829923944
0.44964358573080043
0.45040692171374774
0.4511703744510009
0.4519339421452042
0.4526976229987314
0.4534614152136899
0.4542253169919252
0.45498932653502416
0.4557534420443208
0.4565176617208989
0.45728198376559775
0.4580464063790148
0.4588109277615114
0.4595755461132163
0.4603402596340295
0.46110506652362754
0.4618699649814666
0.46263495320678794
0.46340002939862057
0.46416519175578735
0.4649304384769077
0.4656957677604027
0.4664611778044988
0.4672266668072325
0.46799223296645465
0.4687578744798338
0.46952358954486173
0.4702893763588567
0.4710552331189684
0.4718211580221813
0.47258714926532
0.47335320504505246
0.4741193235578954
0.47488550300021676
0.47565174156824197
0.4764180374580572
0.477184388865613
0.47795079398672985
0.47871725101710144
0.4794837581522997
0.48025031358777787
0.48101691551887615
0.48178356214082485
0.4825502516487496
0.4833169822376741
0.48408375210252635
0.4848505594381416
0.48561740243926627
0.4863842793005637
0.4871511882166169
0.4879181273819339
0.48868509499095086
0.4894520892380377
0.490219108317501
0.4909861504235894
0.4917532137504971
0.49252029649236806
0.4932873968433013
0.49405451299735337
0.49482164314854443
0.49558878549086127
0.4963559382182624
0.4971230995246812
0.49789026760403143
0.4986574406502106
0.4994246168571049
0.5001917944185926
0.500958971528549
0.5017261463808507
0.502493317169379
0.5032604820880254
0.5040276393306949
0.5047947870913109
0.5055619235638183
0.5063290469421896
0.5070961554204274
0.5078632471925699
0.5086303204526942
0.5093973733949211
0.5101644042134196
0.51093141110241
0.5116983922561698
0.5124653458690364
0.5132322701354126
0.5139991632497698
0.5147660234066531
0.515532848800685
0.5162996376265699
0.5170663880790983
0.517833098353151
0.5185997666437036
0.5193663911458298
0.5201329700547076
0.5208995015656211
0.5216659838739672
0.5224324151752574
0.5231987936651242
0.5239651175393241
0.5247313849937421
0.5254975942243961
0.5262637434274412
0.5270298307991738
0.5277958545360354
0.528561812834618
0.5293277038916673
0.5300935259040874
0.5308592770689446
0.5316249555834728
0.5323905596450759
0.5331560874513339
0.533921537200006
0.5346869070890352
0.5354521953165526
0.5362174000808811
0.5369825195805409
0.5377475520142522
0.5385124955809406
0.5392773484797406
0.5400421089100005
0.5408067750712862
0.5415713451633851
0.5423358173863115
0.5431001899403096
0.5438644610258585
0.5446286288436757
0.5453926915947226
0.5461566474802071
0.5469204947015897
0.5476842314605855
0.5484478559591707
0.5492113663995855
0.5499747609843381
0.55073803791621
0.5515011953982597
0.5522642316338268
0.5530271448265359
0.5537899331803021
0.5545525948993337
0.5553151281881378
0.5560775312515229
0.556839802294605
0.5576019395228107
0.5583639411418809
0.5591258053578769
0.5598875303771828
0.5606491144065106
0.5614105556529037
0.5621718523237426
0.5629330026267474
0.5636940047699833
0.5644548569618637
0.5652155574111556
0.5659761043269832
0.5667364959188316
0.5674967303965521
0.5682568059703657
0.5690167208508677
0.5697764732490314
0.5705360613762127
0.5712954834441543
0.5720547376649902
0.5728138222512486
0.573572735415858
0.5743314753721502
0.5750900403338645
0.5758484285151525
0.5766066381305818
0.5773646673951407
0.5781225145242413
0.5788801777337256
0.5796376552398677
0.5803949452593794
0.5811520460094135
0.5819089557075687
0.5826656725718936
0.5834221948208902
0.5841785206735193
0.5849346483492035
0.5856905760678326
0.5864463020497666
0.5872018245158406
0.5879571416873688
0.588712251786149
0.5894671530344664
0.5902218436550972
0.5909763218713148
0.5917305859068911
0.5924846339861036
0.5932384643337373
0.5939920751750903
0.5947454647359772
0.5954986312427338
0.5962515729222206
0.5970042880018279
0.5977567747094793
0.5985090312736356
0.5992610559233005
0.6000128468880221
0.6007644023979003
0.6015157206835879
0.6022667999762976
0.6030176385078033
0.6037682345104467
0.60451858621714
0.6052686918613711
0.6060185496772065
0.6067681578992963
0.6075175147628787
0.608266618503783
0.609015467358435
0.6097640595638599
0.6105123933576881
0.6112604669781572
0.6120082786641181
0.6127558266550381
0.6135031091910055
0.6142501245127331
0.6149968708615633
0.6157433464794715
0.6164895496090703
0.6172354784936142
0.6179811313770028
0.6187265065037862
0.6194716021191676
0.6202164164690089
0.6209609477998338
0.6217051943588324
0.6224491543938654
0.6231928261534675
0.6239362078868529
0.6246792978439176
0.6254220942752455
0.6261645954321108
0.6269067995664834
0.627648704931032
0.6283903097791288
0.6291316123648538
0.6298726109429982
0.6306133037690691
0.6313536890992933
0.632093765190622
0.6328335303007334
0.633572982688039
0.6343121206116855
0.6350509423315609
0.6357894461082967
0.6365276302032736
0.6372654928786247
0.6380030323972397
0.6387402470227689
0.639477135019628
0.6402136946530014
0.6409499241888463
0.6416858218938976
0.6424213860356707
0.643156614882467
0.6438915067033767
0.6446260597682837
0.6453602723478696
0.6460941427136173
0.6468276691378153
0.647560849893562
0.6482936832547698
0.6490261674961683
0.6497583008933097
0.6504900817225715
0.6512215082611623
0.6519525787871234
0.6526832915793352
0.6534136449175205
0.6541436370822471
0.6548732663549344
0.6556025310178554
0.6563314293541418
0.6570599596477875
0.6577881201836531
0.6585159092474694
0.6592433251258423
0.6599703661062553
0.6606970304770755
0.6614233165275563
0.6621492225478414
0.6628747468289695
0.6635998876628779
0.6643246433424073
0.6650490121613036
0.6657729924142252
0.666496582396744
0.6672197804053517
0.6679425847374616
0.6686649936914149
0.6693870055664835
0.6701086186628731
0.6708298312817296
0.6715506417251408
0.6722710482961418
0.6729910492987181
0.6737106430378104
0.6744298278193177
0.6751486019501025
0.6758669637379937
0.6765849114917906
0.6773024435212678
0.6780195581371783
0.678736253651258
0.6794525283762293
0.6801683806258054
0.6808838087146938
0.681598810958601
0.6823133856742356
0.6830275311793133
0.6837412457925596
0.6844545278337147
0.6851673756235376
0.6858797874838087
0.6865917617373358
0.687303296707956
0.6880143907205412
0.6887250421010007
0.6894352491762868
0.6901450102743971
0.6908543237243797
0.691563187856336
0.6922716010014253
0.6929795614918692
0.6936870676609542
0.6943941178430371
0.6951007103735473
0.6958068435889928
0.6965125158269618
0.6972177254261285
0.697922470726256
0.6986267500682005
0.6993305617939153
0.7000339042464542
0.7007367757699764
0.701439174709749
0.7021410994121525
0.7028425482246832
0.7035435194959584
0.7042440115757189
0.7049440228148343
0.7056435515653057
0.7063425961802706
0.707041155014006
0.7077392264219323
0.7084368087606179
0.7091339003877827
0.7098304996623008
0.7105266049442065
0.7112222145946969
0.7119173269761357
0.7126119404520572
0.7133060533871707
0.7139996641473629
0.7146927710997044
0.7153853726124506
0.7160774670550467
0.7167690527981327
0.7174601282135454
0.7181506916743234
0.7188407415547102
0.7195302762301587
0.720219294077335
0.7209077934741213
0.7215957727996206
0.7222832304341605
0.7229701647592965
0.7236565741578161
0.7243424570137433
0.7250278117123405
0.7257126366401143
0.7263969301848185
0.7270806907354579
0.7277639166822916
0.7284466064168378
0.7291287583318768
0.7298103708214556
0.7304914422808907
0.7311719711067717
0.7318519556969669
0.7325313944506252
0.7332102857681807
0.733888628051356
0.7345664197031666
0.7352436591279243
0.735920344731241
0.7365964749200322
0.7372720481025211
0.7379470626882423
0.738621517088045
0.7392954097140986
0.7399687389798932
0.7406415033002463
0.7413137010913053
0.7419853307705512
0.7426563907568029
0.7433268794702195
0.7439967953323057
0.7446661367659152
0.7453349021952536
0.7460030900458818
0.7466706987447221
0.747337726720059
0.7480041724015448
0.7486700342202022
0.7493353106084285
0.7499999999999999
0.7506641008300738
0.7513276115351937
0.7519905305532919
0.752652856323694
0.7533145872871222
0.7539757218856995
0.7546362585629518
0.7552961957638133
0.75595553193463
0.7566142655231618
0.7572723949785886
0.757929918751511
0.7585868352939562
0.7592431430593816
0.7598988405026773
0.7605539260801697
0.7612083982496265
0.7618622554702594
0.7625154962027274
0.7631681189091413
0.7638201220530663
0.7644715040995271
0.76512226351501
0.7657723987674672
0.7664219083263204
0.7670707906624643
0.7677190442482702
0.7683666675575902
0.7690136590657589
0.7696600172495995
0.7703057405874261
0.7709508275590466
0.7715952766457683
0.772239086330399
0.7728822550972522
0.7735247814321508
0.7741666638224298
0.7748079007569395
0.7754484907260513
0.7760884322216581
0.7767277237371806
0.7773663637675694
0.7780043508093084
0.7786416833604195
0.7792783599204649
0.7799143789905514
0.7805497390733336
0.7811844386730178
0.7818184762953646
0.782451850447694
0.7830845596388872
0.7837166023793909
0.7843479771812212
0.7849786825579667
0.7856087170247914
0.7862380790984396
0.7868667672972376
0.7874947801410994
0.7881221161515282
0.7887487738516199
0.789374751766069
0.7900000484211691
0.7906246623448181
0.7912485920665216
0.791871836117395
0.7924943930301684
0.7931162613391903
0.7937374395804293
0.7943579262914792
0.7949777200115615
0.7955968192815291
0.7962152226438708
0.7968329286427123
0.7974499358238216
0.7980662427346126
0.7986818479241469
0.7992967499431386
0.7999109473439568
0.8005244386806298
0.8011372225088484
0.8017492973859688
0.8023606618710155
0.8029713145246866
0.8035812539093556
0.8041904785890748
0.8047989871295799
0.8054067780982916
0.8060138500643208
0.8066202015984706
0.8072258312732405
0.8078307376628291
0.8084349193431382
0.8090383748917749
0.8096411028880572
0.8102431019130147
0.8108443705493934
0.8114449073816594
0.8120447109960013
0.8126437799803337
0.8132421129243006
0.8138397084192794
0.8144365650583832
0.815032681436465
0.8156280561501195
0.8162226877976886
0.8168165749792631
0.8174097162966864
0.8180021103535582
0.8185937557552367
0.8191846511088433
0.8197747950232652
0.8203641861091582
0.8209528229789509
0.821540704246847
0.8221278285288296
0.8227141944426637
0.8232998006079
0.8238846456458767
0.8244687281797254
0.825052046834372
0.825634600236541
0.8262163870147581
0.8267974057993541
0.8273776552224683
0.8279571339180507
0.8285358405218652
0.8291137736714951
0.829690932006343
0.8302673141676362
0.8308429187984298
0.8314177445436084
0.8319917900498907
0.8325650539658329
0.8331375349418304
0.8337092316301222
0.8342801426847937
0.8348502667617796
0.835419602518868
0.8359881486157024
0.8365559037137851
0.8371228664764812
0.8376890355690207
0.8382544096585026
0.8388189874138969
0.8393827675060488
0.8399457486076813
0.8405079293933986
0.8410693085396883
0.8416298847249264
0.8421896566293783
0.8427486229352031
0.8433067823264573
0.8438641334890957
0.8444206751109766
0.8449764058818645
0.8455313244934323
0.846085429639265
0.846638720014863
0.8471911943176442
0.8477428512469486
0.8482936895040403
0.8488437077921097
0.8493929048162792
0.8499412792836036
0.8504888299030747
0.8510355553856235
0.8515814544441236
0.8521265257933945
0.8526707681502044
0.8532141802332724
0.8537567607632732
0.8542985084628386
0.8548394220565612
0.8553795002709975
0.8559187418346703
0.8564571454780724
0.8569947099336693
0.8575314339359019
0.85806731622119
0.858602355527935
0.859136550596522
0.8596699001693255
0.8602024029907088
0.860734057807029
0.8612648633666407
0.8617948184198962
0.8623239217191515
0.862852172018767
0.8633795680751115
0.8639061086465651
0.8644317924935221
0.8649566183783928
0.8654805850656082
0.866003691321622
0.866525935914913
0.8670473176159896
0.8675678351973904
0.8680874874336891
0.8686062731014967
0.8691241909794641
0.8696412398482851
0.8701574184906996
0.8706727256914959
0.8711871602375143
0.8717007209176493
0.8722134065228525
0.872725215846136
0.8732361476825751
0.8737462008293101
0.8742553740855505
0.8747636662525773
0.8752710761337459
0.8757776025344882
0.8762832442623169
0.8767880001268266
0.877291868939698
0.8777948495146999
0.8782969406676926
0.8787981412166297
0.8792984499815617
0.879797865784639
0.880296387450114
0.8807940138043436
0.8812907436757935
0.881786575895039
0.8822815092947693
0.8827755427097895
0.8832686749770231
0.8837609049355157
0.8842522314264367
0.884742653293083
0.8852321693808806
0.8857207785373881
0.8862084796122996
0.886695271457447
0.8871811529268021
0.8876661228764806
0.888150180164744
0.8886333236520021
0.8891155522008168
0.8895968646759032
0.8900772599441329
0.8905567368745378
0.8910352943383111
0.891512931208811
0.8919896463615626
0.8924654386742612
0.8929403070267746
0.8934142503011462
0.8938872673815963
0.894359357154527
0.8948305185085225
0.8953007503343531
0.8957700515249776
0.8962384209755452
0.8967058575833993
0.897172360248079
0.8976379278713225
0.8981025593570688
0.8985662536114613
0.8990290095428493
0.8994908260617921
0.8999517020810596
0.900411636515636
0.9008706282827232
0.9013286763017412
0.9017857794943327
0.9022419367843639
0.9026971470979284
0.9031514093633493
0.9036047225111815
0.904057085474214
0.9045084971874737
0.9049589565882259
0.9054084626159786
0.9058570142124838
0.9063046103217409
0.9067512498899986
0.9071969318657573
0.9076416551997721
0.908085418845055
0.908528221756877
0.908970062892771
0.9094109412125349
0.9098508556782321
0.9102898052541957
0.9107277889070309
0.9111648056056159
0.9116008543211064
0.9120359340269361
0.9124700436988203
0.9129031823147584
0.9133353488550355
0.9137665423022249
0.9141967616411915
0.9146260058590928
0.9150542739453826
0.9154815648918126
0.9159078776924345
0.9163332113436031
0.9167575648439786
0.9171809371945283
0.9176033273985297
0.9180247344615722
0.9184451573915597
0.9188645951987139
0.9192830468955744
0.9197005114970029
0.9201169880201856
0.9205324754846338
0.9209469729121882
0.9213604793270196
0.9217729937556322
0.9221845152268657
0.9225950427718974
0.9230045754242442
0.9234131122197657
0.9238206521966656
0.9242271943954947
0.9246327378591529
0.9250372816328907
0.9254408247643124
0.9258433663033789
0.9262449053024078
0.9266454408160778
0.9270449719014298
0.9274434976178689
0.9278410170271681
0.9282375291934687
0.9286330331832834
0.9290275280654987
0.9294210129113765
0.9298134867945568
0.9302049487910593
0.9305953979792864
0.9309848334400246
0.931373254256447
0.9317606595141155
0.9321470483009826
0.9325324197073944
0.9329167728260915
0.9333001067522124
0.9336824205832946
0.9340637134192772
0.9344439843625032
0.9348232325177213
0.9352014569920879
0.9355786568951696
0.935954831338945
0.936329979437807
0.936704100308565
0.9370771930704457
0.9374492568450975
0.9378202907565907
0.9381902939314202
0.9385592654985072
0.9389272045892022
0.939294110337286
0.9396599818789724
0.9400248183529092
0.9403886189001822
0.9407513826643152
0.941113108791273
0.9414737964294635
0.9418334447297391
0.9421920528453991
0.9425496199321921
0.9429061451483172
0.9432616276544261
0.9436160666136257
0.9439694611914793
0.9443218105560095
0.944673113877699
0.9450233703294932
0.9453725790868026
0.9457207393275038
0.9460678502319417
0.946413910982932
0.9467589207657626
0.9471028787681957
0.9474457841804693
0.9477876361952999
0.9481284340078837
0.9484681768158987
0.9488068638195069
0.9491444942213559
0.9494810672265805
0.9498165820428051
0.9501510378801452
0.9504844339512095
0.9508167694711018
0.9511480436574224
0.9514782557302705
0.9518074049122455
0.9521354904284494
0.952462511506488
0.9527884673764733
0.9531133572710251
0.9534371804252727
0.9537599360768566
0.9540816234659306
0.9544022418351636
0.9547217904297411
0.9550402684973668
0.9553576752882652
0.9556740100551828
0.9559892720533893
0.9563034605406809
0.9566165747773804
0.9569286140263397
0.9572395775529419
0.9575494646251022
0.9578582745132703
0.9581660064904318
0.9584726598321096
0.9587782338163668
0.959082727723807
0.9593861408375761
0.9596884724433654
0.9599897218294121
0.9602898882865007
0.9605889711079657
0.9608869695896924
0.9611838830301194
0.9614797107302391
0.9617744519936005
0.9620681061263099
0.9623606724370336
0.9626521502369982
0.9629425388399937
0.9632318375623736
0.9635200457230573
0.9638071626435324
0.9640931876478547
0.9643781200626511
0.9646619592171206
0.9649447044430359
0.9652263550747455
0.9655069104491742
0.9657863699058258
0.9660647327867838
0.9663419984367139
0.9666181662028641
0.9668932354350678
0.9671672054857442
0.9674400757099006
0.9677118454651333
0.9679825141116294
0.9682520810121684
0.9685205455321235
0.9687879070394629
0.9690541649047525
0.969319318501155
0.9695833672044342
0.9698463103929542
0.970108147447682
0.9703688777521892
0.970628500692652
0.9708870156578544
0.9711444220391885
0.9714007192306565
0.9716559066288715
0.9719099836330598
0.9721629496450617
0.9724148040693328
0.9726655463129459
0.9729151757855921
0.9731636918995821
0.9734110940698479
0.973657381713944
0.9739025542520487
0.9741466111069655
0.9743895517041246
0.9746313754715838
0.9748720818400308
0.9751116702427833
0.9753501401157916
0.9755874908976387
0.9758237220295427
0.976058832955357
0.9762928231215731
0.9765256919773202
0.9767574389743682
0.9769880635671271
0.9772175652126504
0.9774459433706344
0.977673197503421
0.9778993270759977
0.9781243315560002
0.9783482104137126
0.9785709631220688
0.9787925891566542
0.9790130879957069
0.9792324591201178
0.9794507020134338
0.9796678161618573
0.9798838010542481
0.9800986561821246
0.9803123810396652
0.9805249751237088
0.9807364379337569
0.9809467689719735
0.9811559677431883
0.9813640337548953
0.9815709665172564
0.9817767655431007
0.9819814303479266
0.9821849604499031
0.9823873553698701
0.9825886146313401
0.9827887377604995
0.9829877242862091
0.9831855737400055
0.9833822856561028
0.9835778595713924
0.9837722950254454
0.9839655915605128
0.9841577487215272
0.9843487660561032
0.9845386431145389
0.9847273794498173
0.9849149746176065
0.9851014281762611
0.985286739686824
0.985470908713026
0.985653934821288
0.9858358175807216
0.9860165565631298
0.9861961513430088
0.9863746014975482
0.9865519066066325
0.9867280662528419
0.9869030800214531
0.9870769475004408
0.9872496682804781
0.9874212419549379
0.9875916681198933
0.9877609463741195
0.9879290763190938
0.9880960575589968
0.9882618897007136
0.9884265723538346
0.9885901051306563
0.9887524876461823
0.9889137195181243
0.9890738003669028
0.989232729815648
0.989390507490201
0.9895471330191143
0.9897026060336529
0.989856926167795
0.9900100930582332
0.9901621063443746
0.990312965668343
0.9904626706749782
0.9906112210118377
0.9907586163291977
0.9909048562800532
0.9910499405201194
0.9911938687078323
0.9913366405043498
0.9914782555735515
0.9916187135820411
0.9917580141991456
0.9918961570969174
0.9920331419501337
0.9921689684362989
0.9923036362356438
0.9924371450311273
0.9925694945084369
0.9927006843559893
0.9928307142649315
0.992959583929141
0.9930872930452268
0.9932138413125302
0.9933392284331258
0.9934634541118212
0.9935865180561586
0.9937084199764152
0.993829159585604
0.9939487365994742
0.9940671507365122
0.9941844017179416
0.9943004892677253
0.9944154131125642
0.9945291729818997
0.9946417686079126
0.9947531997255256
0.9948634660724021
0.994972567388948
0.9950805034183121
0.9951872739063865
0.9952928786018072
0.9953973172559545
0.9955005896229543
0.9956026954596779
0.9957036345257434
0.9958034065835151
0.9959020113981052
0.9959994487373736
0.9960957183719288
0.9961908200751284
0.9962847536230798
0.9963775187946401
0.9964691153714174
0.9965595431377707
0.996648801880811
0.996736891390401
0.9968238114591566
0.9969095618824462
0.9969941424583926
0.9970775529878722
0.997159793274516
0.99724086312471
0.9973207623475964
0.9973994907550722
0.9974770481617915
0.9975534343851653
0.9976286492453613
0.9977026925653055
0.9977755641706816
0.997847263889932
0.9979177915542577
0.9979871469976196
0.9980553300567374
0.998122340571092
0.9981881783829237
0.9982528433372344
0.9983163352817868
0.9983786540671049
0.9984397995464755
0.9984997715759469
0.99855857001433
0.9986161947231991
0.9986726455668913
0.9987279224125074
0.9987820251299122
0.9988349535917345
0.9988867076733676
0.99893728725297
0.9989866922114647
0.9990349224325402
0.999081977802651
0.9991278582110167
0.9991725635496239
0.9992160937132252
0.9992584485993398
0.9992996281082538
0.9993396321430208
0.9993784606094611
0.9994161134161633
0.9994525904744831
0.9994878916985448
0.9995220170052403
0.9995549663142307
0.9995867395479449
0.9996173366315808
0.9996467574931057
0.9996750020632554
0.9997020702755353
0.99972796206622
0.9997526773743541
0.9997762161417516
0.9997985783129966
0.9998197638354427
0.9998397726592143
0.9998586047372054
0.999876260025081
0.9998927384812759
0.999908040066996
0.9999221647462175
0.9999351124856873
0.9999468832549235
0.9999574770262147
0.9999668937746204
0.9999751334779715
0.9999821961168696
0.9999880816746876
0.9999927901375691
0.9999963214944297
0.9999986757369554
0.9999998528596039
0.9999998528596039
0.9999986757369554
0.9999963214944297
0.9999927901375691
0.9999880816746876
0.9999821961168696
0.9999751334779715
0.9999668937746204
0.9999574770262147
0.9999468832549235
0.9999351124856873
0.9999221647462175
0.999908040066996
0.9998927384812759
0.999876260025081
0.9998586047372054
0.9998397726592143
0.9998197638354427
0.9997985783129966
0.9997762161417516
0.9997526773743541
0.99972796206622
0.9997020702755353
0.9996750020632554
0.9996467574931057
0.9996173366315808
0.9995867395479449
0.9995549663142307
0.9995220170052403
0.9994878916985448
0.9994525904744831
0.9994161134161633
0.9993784606094611
0.9993396321430208
0.9992996281082538
0.9992584485993398
0.9992160937132252
0.9991725635496239
0.9991278582110167
0.9990819778026508
0.9990349224325402
0.9989866922114647
0.99893728725297
0.9988867076733676
0.9988349535917345
0.9987820251299121
0.9987279224125074
0.9986726455668913
0.9986161947231991
0.99855857001433
0.9984997715759469
0.9984397995464755
0.998378654067105
0.9983163352817868
0.9982528433372344
0.9981881783829237
0.998122340571092
0.9980553300567375
0.9979871469976196
0.9979177915542577
0.997847263889932
0.9977755641706816
0.9977026925653055
0.9976286492453613
0.9975534343851653
0.9974770481617915
0.9973994907550722
0.9973207623475964
0.9972408631247102
0.997159793274516
0.9970775529878722
0.9969941424583926
0.9969095618824462
0.9968238114591566
0.996736891390401
0.996648801880811
0.9965595431377707
0.9964691153714174
0.9963775187946401
0.9962847536230798
0.9961908200751284
0.9960957183719288
0.9959994487373736
0.9959020113981052
0.9958034065835151
0.9957036345257434
0.9956026954596779
0.9955005896229543
0.9953973172559545
0.9952928786018072
0.9951872739063865
0.9950805034183121
0.994972567388948
0.9948634660724021
0.9947531997255256
0.9946417686079128
0.9945291729818997
0.9944154131125642
0.9943004892677253
0.9941844017179418
0.9940671507365122
0.9939487365994742
0.9938291595856041
0.9937084199764152
0.9935865180561587
0.9934634541118212
0.9933392284331258
0.9932138413125303
0.9930872930452268
0.992959583929141
0.9928307142649315
0.9927006843559893
0.9925694945084369
0.9924371450311273
0.9923036362356438
0.9921689684362989
0.9920331419501338
0.9918961570969174
0.9917580141991456
0.9916187135820411
0.9914782555735515
0.9913366405043498
0.9911938687078323
0.9910499405201194
0.9909048562800532
0.9907586163291977
0.9906112210118379
0.9904626706749782
0.9903129656683429
0.9901621063443746
0.9900100930582332
0.989856926167795
0.9897026060336529
0.9895471330191143
0.9893905074902012
0.989232729815648
0.9890738003669028
0.9889137195181243
0.9887524876461824
0.9885901051306563
0.9884265723538346
0.9882618897007135
0.9880960575589968
0.9879290763190938
0.9877609463741195
0.9875916681198934
0.987421241954938
0.9872496682804781
0.9870769475004408
0.9869030800214531
0.9867280662528419
0.9865519066066326
0.9863746014975483
0.9861961513430089
0.9860165565631298
0.9858358175807216
0.985653934821288
0.985470908713026
0.985286739686824
0.9851014281762612
0.9849149746176065
0.9847273794498174
0.984538643114539
0.9843487660561032
0.9841577487215272
0.9839655915605129
0.9837722950254454
0.9835778595713924
0.9833822856561028
0.9831855737400055
0.9829877242862091
0.9827887377604995
0.9825886146313401
0.9823873553698701
0.9821849604499031
0.9819814303479266
0.9817767655431007
0.9815709665172563
0.9813640337548954
0.9811559677431883
0.9809467689719735
0.9807364379337569
0.9805249751237088
0.9803123810396652
0.9800986561821246
0.9798838010542481
0.9796678161618573
0.9794507020134339
0.9792324591201178
0.9790130879957069
0.9787925891566543
0.9785709631220689
0.9783482104137127
0.9781243315560002
0.9778993270759977
0.977673197503421
0.9774459433706344
0.9772175652126505
0.9769880635671272
0.9767574389743682
0.9765256919773204
0.9762928231215731
0.976058832955357
0.9758237220295427
0.9755874908976387
0.9753501401157917
0.9751116702427834
0.9748720818400308
0.9746313754715838
0.9743895517041246
0.9741466111069655
0.9739025542520487
0.9736573817139441
0.9734110940698479
0.9731636918995822
0.9729151757855921
0.9726655463129459
0.9724148040693328
0.9721629496450618
0.9719099836330599
0.9716559066288716
0.9714007192306564
0.9711444220391886
0.9708870156578544
0.9706285006926519
0.9703688777521892
0.9701081474476821
0.9698463103929542
0.9695833672044343
0.969319318501155
0.9690541649047525
0.9687879070394632
0.9685205455321235
0.9682520810121684
0.9679825141116295
0.9677118454651334
0.9674400757099008
0.9671672054857443
0.9668932354350677
0.9666181662028641
0.9663419984367139
0.966064732786784
0.9657863699058258
0.9655069104491742
0.9652263550747456
0.9649447044430361
0.9646619592171206
0.9643781200626512
0.9640931876478548
0.9638071626435325
0.9635200457230574
0.9632318375623735
0.9629425388399938
0.9626521502369985
0.9623606724370337
0.96206810612631
0.9617744519936005
0.9614797107302391
0.9611838830301195
0.9608869695896924
0.9605889711079656
0.9602898882865007
0.9599897218294121
0.9596884724433655
0.9593861408375761
0.9590827277238069
0.958778233816367
0.9584726598321098
0.9581660064904317
0.9578582745132704
0.9575494646251023
0.9572395775529419
0.9569286140263398
0.9566165747773803
0.956303460540681
0.9559892720533895
0.9556740100551828
0.9553576752882653
0.9550402684973668
0.954721790429741
0.9544022418351638
0.9540816234659306
0.9537599360768566
0.9534371804252728
0.9531133572710252
0.9527884673764735
0.952462511506488
0.9521354904284494
0.9518074049122456
0.9514782557302706
0.9511480436574224
0.9508167694711018
0.9504844339512095
0.9501510378801452
0.9498165820428051
0.9494810672265805
0.949144494221356
0.9488068638195071
0.9484681768158988
0.9481284340078837
0.9477876361952999
0.9474457841804693
0.9471028787681958
0.9467589207657627
0.946413910982932
0.9460678502319417
0.9457207393275038
0.9453725790868028
0.9450233703294934
0.9446731138776989
0.9443218105560096
0.9439694611914795
0.9436160666136256
0.9432616276544261
0.9429061451483172
0.9425496199321922
0.9421920528453992
0.941833444729739
0.9414737964294635
0.9411131087912732
0.9407513826643152
0.9403886189001822
0.9400248183529093
0.9396599818789724
0.9392941103372862
0.9389272045892023
0.9385592654985072
0.9381902939314202
0.9378202907565907
0.9374492568450976
0.9370771930704458
0.9367041003085649
0.9363299794378073
0.9359548313389452
0.9355786568951696
0.9352014569920879
0.9348232325177213
0.9344439843625033
0.9340637134192774
0.9336824205832945
0.9333001067522125
0.9329167728260916
0.9325324197073945
0.9321470483009827
0.9317606595141155
0.931373254256447
0.9309848334400247
0.9305953979792865
0.9302049487910593
0.9298134867945569
0.9294210129113766
0.9290275280654988
0.9286330331832835
0.9282375291934686
0.9278410170271683
0.927443497617869
0.9270449719014296
0.9266454408160778
0.9262449053024079
0.9258433663033789
0.9254408247643127
0.9250372816328907
0.924632737859153
0.9242271943954949
0.9238206521966658
0.9234131122197657
0.9230045754242442
0.9225950427718974
0.922184515226866
0.9217729937556323
0.9213604793270196
0.9209469729121882
0.9205324754846339
0.9201169880201857
0.9197005114970029
0.9192830468955743
0.918864595198714
0.91844515739156
0.9180247344615722
0.9176033273985298
0.9171809371945284
0.9167575648439787
0.9163332113436033
0.9159078776924345
0.9154815648918126
0.9150542739453829
0.9146260058590929
0.9141967616411915
0.913766542302225
0.9133353488550355
0.9129031823147586
0.9124700436988205
0.9120359340269361
0.9116008543211065
0.9111648056056161
0.9107277889070309
0.9102898052541958
0.909850855678232
0.909410941212535
0.9089700628927713
0.9085282217568769
0.9080854188450551
0.9076416551997722
0.9071969318657573
0.9067512498899988
0.9063046103217409
0.9058570142124838
0.9054084626159786
0.904958956588226
0.9045084971874737
0.9040570854742143
0.9036047225111814
0.9031514093633495
0.9026971470979286
0.9022419367843638
0.9017857794943328
0.9013286763017414
0.9008706282827234
0.9004116365156363
0.8999517020810595
0.8994908260617922
0.8990290095428495
0.8985662536114611
0.8981025593570688
0.8976379278713226
0.8971723602480791
0.8967058575833995
0.8962384209755452
0.8957700515249775
0.8953007503343532
0.8948305185085226
0.894359357154527
0.8938872673815964
0.8934142503011461
0.8929403070267747
0.8924654386742614
0.8919896463615626
0.8915129312088113
0.8910352943383113
0.890556736874538
0.8900772599441329
0.889596864675903
0.889115552200817
0.8886333236520023
0.888150180164744
0.8876661228764807
0.8871811529268021
0.886695271457447
0.8862084796123
0.8857207785373882
0.8852321693808805
0.8847426532930831
0.8842522314264368
0.8837609049355157
0.8832686749770231
0.8827755427097894
0.8822815092947696
0.8817865758950392
0.8812907436757935
0.8807940138043437
0.880296387450114
0.879797865784639
0.8792984499815617
0.8787981412166296
0.8782969406676927
0.8777948495147001
0.8772918689396981
0.8767880001268267
0.876283244262317
0.8757776025344883
0.8752710761337461
0.8747636662525774
0.8742553740855505
0.8737462008293102
0.8732361476825752
0.8727252158461363
0.8722134065228526
0.8717007209176493
0.8711871602375145
0.8706727256914961
0.8701574184906996
0.8696412398482853
0.8691241909794643
0.8686062731014969
0.8680874874336892
0.8675678351973903
0.8670473176159896
0.8665259359149133
0.866003691321622
0.8654805850656083
0.8649566183783929
0.8644317924935221
0.8639061086465655
0.8633795680751115
0.862852172018767
0.8623239217191516
0.8617948184198962
0.8612648633666407
0.8607340578070293
0.8602024029907087
0.8596699001693258
0.8591365505965224
0.8586023555279348
0.8580673162211903
0.8575314339359021
0.8569947099336694
0.8564571454780725
0.8559187418346703
0.8553795002709976
0.8548394220565614
0.8542985084628387
0.8537567607632733
0.8532141802332726
0.8526707681502044
0.8521265257933948
0.8515814544441236
0.8510355553856235
0.8504888299030748
0.8499412792836037
0.8493929048162793
0.8488437077921098
0.8482936895040402
0.8477428512469489
0.8471911943176444
0.8466387200148628
0.8460854296392651
0.8455313244934324
0.8449764058818646
0.8444206751109766
0.8438641334890956
0.8433067823264573
0.8427486229352034
0.8421896566293784
0.8416298847249265
0.8410693085396885
0.8405079293933986
0.8399457486076816
0.8393827675060488
0.8388189874138969
0.8382544096585027
0.8376890355690209
0.8371228664764814
0.8365559037137851
0.8359881486157024
0.8354196025188683
0.8348502667617799
0.8342801426847937
0.8337092316301222
0.8331375349418304
0.8325650539658329
0.8319917900498908
0.8314177445436082
0.8308429187984299
0.8302673141676364
0.829690932006343
0.8291137736714952
0.8285358405218655
0.8279571339180506
0.8273776552224685
0.8267974057993543
0.8262163870147584
0.8256346002365409
0.825052046834372
0.8244687281797254
0.8238846456458766
0.8232998006079
0.8227141944426639
0.8221278285288298
0.8215407042468472
0.8209528229789509
0.8203641861091584
0.8197747950232652
0.8191846511088434
0.8185937557552367
0.8180021103535581
0.8174097162966865
0.8168165749792634
0.8162226877976888
0.8156280561501197
0.8150326814364648
0.8144365650583831
0.8138397084192797
0.8132421129243008
0.8126437799803337
0.8120447109960014
0.8114449073816595
0.8108443705493935
0.810243101913015
0.8096411028880572
0.809038374891775
0.8084349193431379
0.8078307376628291
0.8072258312732408
0.8066202015984709
0.806013850064321
0.8054067780982919
0.80479898712958
0.8041904785890747
0.8035812539093556
0.8029713145246868
0.8023606618710156
0.8017492973859688
0.8011372225088487
0.8005244386806304
0.7999109473439572
0.7992967499431388
0.7986818479241469
0.7980662427346126
0.7974499358238216
0.7968329286427124
0.7962152226438709
0.7955968192815295
0.7949777200115615
0.7943579262914793
0.7937374395804294
0.7931162613391904
0.7924943930301686
0.7918718361173949
0.7912485920665215
0.7906246623448183
0.7900000484211694
0.7893747517660693
0.7887487738516201
0.7881221161515278
0.7874947801410994
0.786866767297238
0.7862380790984397
0.7856087170247916
0.7849786825579668
0.7843479771812214
0.7837166023793909
0.7830845596388876
0.782451850447694
0.7818184762953647
0.7811844386730178
0.7805497390733336
0.7799143789905516
0.7792783599204651
0.7786416833604197
0.7780043508093086
0.7773663637675696
0.7767277237371806
0.7760884322216584
0.7754484907260513
0.7748079007569397
0.7741666638224297
0.7735247814321509
0.7728822550972526
0.7722390863303992
0.7715952766457685
0.7709508275590466
0.770305740587426
0.7696600172495994
0.769013659065759
0.7683666675575902
0.7677190442482705
0.7670707906624645
0.7664219083263205
0.7657723987674676
0.7651222635150101
0.7644715040995271
0.7638201220530664
0.763168118909141
0.7625154962027273
0.7618622554702597
0.7612083982496269
0.7605539260801699
0.759898840502677
0.7592431430593816
0.7585868352939564
0.757929918751511
0.7572723949785887
0.7566142655231622
0.75595553193463
0.7552961957638135
0.7546362585629521
0.7539757218856994
0.7533145872871223
0.7526528563236939
0.7519905305532917
0.7513276115351939
0.7506641008300742
0.7500000000000002
0.7493353106084288
0.7486700342202023
0.7480041724015445
0.7473377267200592
0.7466706987447222
0.746003090045882
0.7453349021952534
0.7446661367659153
0.7439967953323062
0.7433268794702198
0.7426563907568031
0.7419853307705513
0.7413137010913053
0.7406415033002463
0.7399687389798933
0.7392954097140987
0.7386215170880454
0.7379470626882423
0.7372720481025212
0.7365964749200327
0.7359203447312411
0.7352436591279244
0.7345664197031667
0.7338886280513559
0.7332102857681806
0.7325313944506255
0.7318519556969673
0.731171971106772
0.7304914422808908
0.7298103708214556
0.7291287583318772
0.728446606416838
0.7277639166822917
0.7270806907354579
0.7263969301848187
0.7257126366401144
0.7250278117123409
0.7243424570137432
0.7236565741578163
0.7229701647592964
0.7222832304341604
0.721595772799621
0.7209077934741216
0.7202192940773353
0.7195302762301591
0.7188407415547104
0.7181506916743231
0.7174601282135455
0.7167690527981329
0.7160774670550468
0.7153853726124506
0.7146927710997045
0.7139996641473635
0.7133060533871709
0.7126119404520576
0.7119173269761356
0.7112222145946969
0.7105266049442065
0.709830499662301
0.7091339003877828
0.7084368087606182
0.7077392264219325
0.7070411550140061
0.7063425961802712
0.7056435515653058
0.7049440228148343
0.7042440115757189
0.7035435194959583
0.7028425482246832
0.7021410994121529
0.7014391747097493
0.7007367757699766
0.7000339042464545
0.6993305617939151
0.6986267500682007
0.6979224707262562
0.6972177254261287
0.6965125158269618
0.6958068435889928
0.6951007103735474
0.6943941178430374
0.6936870676609547
0.6929795614918691
0.6922716010014254
0.6915631878563359
0.69085432372438
0.6901450102743975
0.6894352491762871
0.6887250421010009
0.6880143907205412
0.6873032967079558
0.6865917617373359
0.685879787483809
0.6851673756235376
0.6844545278337149
0.6837412457925596
0.6830275311793133
0.682313385674236
0.6815988109586013
0.6808838087146938
0.6801683806258052
0.6794525283762292
0.6787362536512582
0.6780195581371785
0.677302443521268
0.6765849114917908
0.6758669637379937
0.6751486019501027
0.6744298278193178
0.6737106430378104
0.6729910492987181
0.6722710482961418
0.6715506417251408
0.67082983128173
0.6701086186628734
0.6693870055664837
0.6686649936914152
0.6679425847374614
0.6672197804053513
0.6664965823967443
0.6657729924142253
0.6650490121613037
0.6643246433424073
0.6635998876628781
0.66287474682897
0.6621492225478417
0.6614233165275563
0.6606970304770755
0.6599703661062553
0.659243325125842
0.6585159092474697
0.6577881201836533
0.6570599596477877
0.656331429354142
0.6556025310178552
0.6548732663549345
0.6541436370822472
0.6534136449175205
0.6526832915793354
0.6519525787871234
0.6512215082611622
0.650490081722572
0.6497583008933099
0.6490261674961681
0.6482936832547697
0.6475608498935619
0.6468276691378155
0.6460941427136175
0.6453602723478699
0.6446260597682839
0.6438915067033768
0.643156614882467
0.6424213860356708
0.6416858218938976
0.6409499241888463
0.6402136946530013
0.639477135019628
0.6387402470227692
0.6380030323972399
0.637265492878625
0.636527630203274
0.6357894461082966
0.6350509423315606
0.6343121206116857
0.633572982688039
0.6328335303007335
0.632093765190622
0.6313536890992935
0.6306133037690695
0.6298726109429986
0.6291316123648538
0.6283903097791288
0.6276487049310319
0.6269067995664832
0.6261645954321111
0.6254220942752458
0.6246792978439178
0.6239362078868529
0.6231928261534677
0.6224491543938655
0.6217051943588325
0.6209609477998339
0.6202164164690089
0.6194716021191676
0.6187265065037861
0.6179811313770032
0.6172354784936145
0.6164895496090702
0.6157433464794714
0.6149968708615632
0.6142501245127334
0.6135031091910057
0.6127558266550384
0.6120082786641182
0.6112604669781573
0.6105123933576881
0.60976405956386
0.609015467358435
0.608266618503783
0.6075175147628786
0.6067681578992963
0.6060185496772068
0.6052686918613714
0.6045185862171405
0.6037682345104469
0.6030176385078031
0.6022667999762973
0.6015157206835882
0.6007644023979004
0.6000128468880223
0.5992610559233005
0.5985090312736359
0.5977567747094797
0.5970042880018284
0.5962515729222206
0.5954986312427337
0.5947454647359771
0.5939920751750902
0.5932384643337376
0.5924846339861038
0.5917305859068913
0.5909763218713149
0.5902218436550974
0.5894671530344665
0.5887122517861492
0.5879571416873689
0.5872018245158406
0.5864463020497666
0.5856905760678326
0.584934648349204
0.5841785206735196
0.5834221948208905
0.5826656725718935
0.5819089557075686
0.5811520460094137
0.5803949452593795
0.5796376552398679
0.5788801777337257
0.5781225145242415
0.5773646673951407
0.5766066381305819
0.5758484285151525
0.5750900403338645
0.5743314753721501
0.573572735415858
0.5728138222512489
0.5720547376649904
0.5712954834441546
0.5705360613762129
0.5697764732490311
0.5690167208508674
0.5682568059703659
0.5674967303965522
0.5667364959188317
0.5659761043269832
0.5652155574111557
0.5644548569618641
0.5636940047699837
0.5629330026267474
0.5621718523237424
0.5614105556529035
0.5606491144065103
0.5598875303771831
0.5591258053578773
0.5583639411418811
0.5576019395228108
0.5568398022946052
0.556077531251523
0.5553151281881378
0.5545525948993338
0.5537899331803021
0.5530271448265359
0.5522642316338267
0.5515011953982601
0.5507380379162103
0.5499747609843384
0.5492113663995852
0.5484478559591706
0.5476842314605858
0.5469204947015898
0.5461566474802073
0.5453926915947227
0.5446286288436758
0.5438644610258585
0.5431001899403102
0.5423358173863116
0.5415713451633852
0.5408067750712862
0.5400421089100005
0.539277348479741
0.5385124955809408
0.5377475520142525
0.5369825195805411
0.5362174000808809
0.5354521953165523
0.5346869070890354
0.5339215372000061
0.533156087451334
0.532390559645076
0.5316249555834728
0.5308592770689451
0.5300935259040878
0.5293277038916673
0.5285618128346179
0.5277958545360353
0.5270298307991735
0.5262637434274415
0.5254975942243963
0.5247313849937423
0.5239651175393243
0.5231987936651243
0.5224324151752575
0.5216659838739672
0.5208995015656213
0.5201329700547076
0.5193663911458298
0.5185997666437034
0.5178330983531514
0.5170663880790987
0.5162996376265703
0.5155328488006848
0.5147660234066529
0.51399916324977
0.5132322701354127
0.5124653458690366
0.5116983922561699
0.5109314111024101
0.5101644042134196
0.5093973733949216
0.5086303204526942
0.5078632471925699
0.5070961554204274
0.5063290469421895
0.5055619235638187
0.5047947870913111
0.5040276393306953
0.5032604820880257
0.5024933171693792
0.5017261463808503
0.5009589715285492
0.5001917944185927
0.499424616857105
0.4986574406502107
0.49789026760403143
0.49712309952468164
0.4963559382182628
0.4955887854908613
0.4948216431485444
0.49405451299735326
0.4932873968433011
0.49252029649236845
0.4917532137504973
0.4909861504235897
0.4902191083175012
0.4894520892380378
0.488685094990951
0.4879181273819339
0.487151188216617
0.4863842793005637
0.48561740243926627
0.4848505594381415
0.4840837521025268
0.4833169822376745
0.4825502516487498
0.4817835621408248
0.481016915518876
0.48025031358777814
0.4794837581522999
0.4787172510171017
0.47795079398672996
0.4771843888656131
0.4764180374580572
0.4756517415682425
0.47488550300021676
0.47411932355789527
0.4733532050450525
0.47258714926531986
0.4718211580221816
0.4710552331189687
0.47028937635885704
0.469523589544862
0.468757874479834
0.46799223296645437
0.46722666680723274
0.4664611778044989
0.4656957677604028
0.4649304384769078
0.4641651917557874
0.463400029398621
0.46263495320678827
0.46186996498146704
0.4611050665236274
0.4603402596340294
0.45957554611321616
0.4588109277615117
0.45804640637901506
0.45728198376559787
0.45651766172089914
0.4557534420443209
0.4549893265350243
0.4542253169919252
0.45346141521369
0.4526976229987314
0.4519339421452042
0.45117037445100094
0.45040692171374824
0.44964358573080077
0.44888036829923966
0.44811727121586603
0.447354296277199
0.44659144527946937
0.445828720018615
0.4450661222902793
0.4443036538898049
0.44354131661223
0.44277911225228406
0.442017042604384
0.4412551094626281
0.44049331462079555
0.4397316598723384
0.43897014701037934
0.43820877782770734
0.43744755411677194
0.4366864776696814
0.4359255502781969
0.43516477373372875
0.43440414982733155
0.43364368034970247
0.43288336709117237
0.4321232118417061
0.43136321639089625
0.43060338252795893
0.4298437120417304
0.42908420672066105
0.42832486835281364
0.42756569872585704
0.42680669962706413
0.42604787284330514
0.4252892201610454
0.42453074336633906
0.42377244424482746
0.4230143245817334
0.42225638616185684
0.42149863076957145
0.4207410601888198
0.4199836762031093
0.41922648059550827
0.4184694751486413
0.41771266164468557
0.4169560418653666
0.4161996175919526
0.41544339060525287
0.41468736268561124
0.41393153561290436
0.413175911166535
0.4124204911254282
0.41166527726802893
0.4109102713722964
0.4101554752157003
0.40940089057521634
0.4086465192273228
0.4078923629479942
0.4071384235127012
0.40638470269640226
0.40563120227354155
0.4048779240180449
0.40412486970331374
0.4033720411022236
0.4026194399871182
0.4018670681298057
0.40111492730155407
0.4003630192730892
0.3996113458145862
0.3988599086956697
0.39810870968540757
0.3973577505523071
0.39660703306431117
0.3958565589887926
0.3951063300925524
0.39435634814181353
0.39360661490221877
0.3928571321388242
0.39210790161609715
0.3913589250979096
0.3906102043475369
0.38986174112765204
0.3891135372003214
0.3883655943270015
0.3876179142685327
0.38687049878513896
0.3861233496364198
0.3853764685813481
0.38462985737826555
0.38388351778487906
0.38313745155825474
0.38239166045481643
0.38164614623033943
0.3809009106399485
0.38015595543811154
0.3794112823786354
0.3786668932146642
0.37792278969867305
0.37717897358246466
0.3764354466171652
0.3756922105532205
0.3749492671403897
0.3742066181277457
0.3734642652636665
0.3727222102958334
0.3719804549712267
0.3712390010361201
0.37049785023607895
0.36975700431595454
0.36901646501988045
0.36827623409126786
0.3675363132728038
0.3667967043064425
0.366057408933406
0.3653184288941774
0.36457976592849745
0.36384142177536094
0.36310339817301074
0.3623656968589364
0.36162831956986785
0.3608912680417735
0.3601545440098536
0.359418149208538
0.3586820853714804
0.35794635423155663
0.3572109575208588
0.3564758969706916
0.35574117431156876
0.355006791273207
0.3542727495845258
0.3535390509736396
0.3528056971678552
0.352072689893668
0.35134003087675786
0.3506077218419834
0.34987576451338076
0.34914416061415743
0.3484129118666886
0.34768201999251497
0.34695148671233456
0.34622131374600273
0.3454915028125264
0.3447620556300599
0.3440329739159015
0.3433042593864891
0.3425759137573949
0.3418479387433248
0.34112033605811076
0.34039310741470835
0.33966625452519317
0.33893977910075496
0.33821368285169584
0.33748796748742516
0.33676263471645523
0.3360376862463975
0.3353131237839603
0.3345889490349405
0.3338651637042242
0.33314176949578
0.3324187681126558
0.3316961612569751
0.3309739506299315
0.33025213793178676
0.3295307248618652
0.32880971311855134
0.32808910439928396
0.32736890040055355
0.3266491028178966
0.32592971334589427
0.3252107336781662
0.32449216550736737
0.3237740105251846
0.32305627042233
0.3223389468885415
0.3216220416125749
0.3209055562822015
0.32018949258420404
0.31947385220437297
0.31875863682750094
0.3180438481373814
0.3173294878168027
0.31661555754754434
0.3159020590103751
0.31518899388504473
0.3144763638502843
0.31376417058380035
0.31305241576227094
0.31234110106134205
0.3116302281556239
0.31091979871868525
0.3102098144230518
0.30950027694020205
0.3087911879405614
0.30808254909349975
0.3073743620673276
0.30666662852929083
0.3059593501455684
0.30525252858126783
0.30454616550042046
0.30384026256597996
0.30313482143981424
0.30242984378270565
0.3017253312543451
0.30102128551332835
0.3003177082171522
0.2996146010222111
0.2989119655837916
0.2982098035560703
0.29750811659211013
0.2968069063438544
0.29610617446212506
0.29540592259661647
0.29470615239589404
0.29400686550738914
0.29330806357739503
0.29260974825106334
0.29191192117240017
0.2912145839842621
0.2905177383283524
0.2898213858452172
0.28912552817424153
0.2884301669536459
0.28773530382048085
0.28704094041062556
0.28634707835878237
0.2856537192984727
0.2849608648620352
0.2842685166806197
0.28357667638418327
0.2828853456014885
0.2821945259600982
0.28150421908637174
0.2808144266054617
0.28012515014130845
0.2794363913166383
0.27874815175295975
0.2780604330705578
0.27737323688849114
0.2766865648245892
0.27600041849544615
0.2753147995164195
0.27462970950162513
0.27394515006393333
0.2732611228149655
0.27257762936509
0.2718946713234186
0.2712122502978024
0.27053036789482854
0.2698490257198158
0.26916822537681173
0.2684879684685869
0.26780825659663365
0.2671290913611615
0.26645047436109215
0.2657724071940573
0.2650948914563932
0.26441792874313885
0.263741520648031
0.2630656687635008
0.26239037468066967
0.2617156399893461
0.26104146627802155
0.26036785513386673
0.259694808142728
0.2590223268891235
0.25835041295623995
0.2576790679259273
0.2570082933786972
0.25633809089371795
0.2556684620488107
0.25499940842044727
0.2543309315837444
0.25366303311246036
0.2529957145789927
0.25232897755437345
0.25166282360826564
0.2509972543089598
0.2503322712233691
0.24966787591702722
0.24900406995408503
0.24834085489730456
0.2476782323080573
0.2470162037463201
0.24635477077067036
0.24569393493828434
0.24503369780493223
0.24437406092497455
0.24371502585135885
0.24305659413561576
0.24239876732785554
0.2417415469767643
0.24108493462960046
0.24042893183219094
0.23977354012892815
0.23911876106276453
0.23846459617521149
0.2378110470063337
0.2371581150947475
0.23650580197761512
0.23585410919064143
0.23520303826807187
0.23455259074268758
0.23390276814580208
0.23325357200725755
0.23260500385542143
0.23195706521718262
0.2313097576179482
0.23066308258163937
0.23001704163068826
0.22937163628603457
0.22872686806712056
0.22808273849188954
0.22743924907678092
0.22679640133672685
0.22615419678514964
0.22551263693395684
0.2248717232935375
0.22423145737276018
0.22359184067896853
0.22295287471797748
0.2223145609940705
0.22167690100999432
0.22103989626695747
0.2204035482646265
0.2197678585011208
0.21913282847301047
0.21849845967531267
0.217864753601487
0.21723171174343375
0.21659933559148914
0.2159676266344222
0.21533658635943126
0.21470621625214037
0.2140765177965957
0.21344749247526246
0.2128191417690209
0.2121914671571632
0.2115644701173901
0.21093815212580624
0.21031251465691853
0.20968755918363108
0.2090632871772436
0.20843970010744595
0.20781679944231474
0.2071945866483117
0.20657306319027885
0.2059522305314353
0.20533209013337383
0.2047126434560575
0.20409389195781613
0.203475837095343
0.20285848032369125
0.2022418230962706
0.20162586686484424
0.2010106130795239
0.20039606318876868
0.19978221863938028
0.19916908087649932
0.19855665134360373
0.19794493148250314
0.197333922733336
0.19672362653456754
0.19611404432298507
0.19550517753369512
0.19489702760012023
0.19428959595399425
0.1936828840253607
0.19307689324256938
0.19247162503227133
0.19186708081941678
0.19126326202725186
0.1906601700773139
0.19005780638943004
0.18945617238171253
0.18885526947055586
0.1882550990706333
0.18765566259489358
0.1870569614545577
0.18645899705911528
0.18586177081632166
0.1852652841321944
0.18466953841101008
0.18407453505530014
0.18348027546584916
0.18288676104168994
0.18229399318010225
0.18170197327660736
0.1811107027249651
0.18052018291717215
0.17993041524345743
0.17934140109227903
0.1787531418503212
0.17816563890249132
0.1775788936319147
0.17699290741993512
0.17640768164610793
0.17582321768819853
0.17523951692217926
0.17465658072222456
0.17407441046071004
0.17349300750820762
0.17291237323348257
0.1723325090034915
0.17175341618337747
0.1711750961364667
0.1705975502242672
0.17002077980646413
0.1694447862409169
0.1688695708836564
0.16829513508888044
0.1677214802089521
0.16714860759439687
0.16657651859389744
0.16600521455429196
0.1654346968205711
0.1648649667358732
0.16429602564148343
0.16372787487682905
0.16316051577947677
0.16259394968512936
0.16202817792762286
0.16146320183892315
0.16089902274912293
0.16033564198643852
0.15977306087720688
0.15921128074588253
0.15865030291503363
0.15809012870534017
0.15753075943558975
0.1569721964226759
0.1564144409815933
0.1558574944254349
0.15530135806539014
0.15474603321074087
0.15419152116885831
0.15363782324520037
0.15308494074330836
0.15253287496480272
0.15198162720938319
0.15143119877482214
0.15088159095696352
0.1503328050497197
0.14978484234506706
0.14923770413304488
0.1486913917017511
0.1481459063373396
0.1476012493240168
0.1470574219440402
0.14651442547771232
0.14597226120338075
0.1454309303974335
0.14489043433429644
0.14435077428643062
0.1438119515243279
0.1432739673165096
0.1427368229295235
0.1422005196279394
0.14166505867434703
0.14113044132935365
0.1405966688515793
0.14006374249765602
0.13953166352222357
0.1390004331779267
0.1384700527154124
0.13794052338332663
0.13741184642831178
0.13688402309500347
0.13635705462602754
0.1358309422619975
0.1353056872415116
0.13478129080114865
0.13425775417546731
0.13373507859700112
0.1332132652962577
0.1326923155017139
0.13217223043981302
0.13165301133496354
0.131134659409535
0.1306171758838553
0.130100561976208
0.12958481890282963
0.12906994787790527
0.12855595011356896
0.12804282681989754
0.1275305792049094
0.12701920847456183
0.1265087158327467
0.12599910248128954
0.12549036961994553
0.12498251844639696
0.12447555015625017
0.1239694659430341
0.12346426699819463
0.12295995451109454
0.12245652966900955
0.12195399365712556
0.12145234765853624
0.12095159285423912
0.12045173042313445
0.11995276154202111
0.11945468738559512
0.11895750912644532
0.11846122793505187
0.11796584497978219
0.11747136142688996
0.1169777784405111
0.11648509718266131
0.11599331881323355
0.11550244448999503
0.11501247536858461
0.1145234126025102
0.11403525734314585
0.11354801073972909
0.11306167393935862
0.11257624808699024
0.11209173432543623
0.11160813379536078
0.1111254476352791
0.11064367698155309
0.11016282296838892
0.10968288672783544
0.10920386938978066
0.10872577208194917
0.10824859592989966
0.10777234205702246
0.10729701158453558
0.1068226056314846
0.10634912531473756
0.10587657174898363
0.10540494604673045
0.10493424931830037
0.1044644826718295
0.10399564721326421
0.10352774404635834
0.10306077427267085
0.1025947389915643
0.10212963930019953
0.1016654762935359
0.10120225106432729
0.10073996470311986
0.10027861829824969
0.09981821293583915
0.09935874969979602
0.09890022967180945
0.09844265393134904
0.09798602355566022
0.09753033961976354
0.09707560319645064
0.09662181535628306
0.09616897716758904
0.09571708969646109
0.09526615400675376
0.09481617116007973
0.09436714221581016
0.09391906823106938
0.09347195026073374
0.09302578935742895
0.09258058657152779
0.09213634295114659
0.09169305954214435
0.09125073738811906
0.09080937753040641
0.09036898100807594
0.08992954885792903
0.0894910821144973
0.08905358181003925
0.0886170489745382
0.08818148463569991
0.08774688981895024
0.08731326554743146
0.08688061284200255
0.08644893272123416
0.08601822620140753
0.08558849429651194
0.0851597380182415
0.08473195837599429
0.08430515637686875
0.0838793330256618
0.0834544893248661
0.083030626274669
0.08260774487294759
0.08218584611526897
0.08176493099488663
0.08134500050273835
0.08092605562744393
0.08050809735530223
0.08009112667029011
0.07967514455405883
0.07926015198593317
0.0788461499429075
0.07843313939964458
0.07802112132847244
0.07761009669938324
0.07720006648002997
0.0767910316357247
0.0763829931294363
0.07597595192178708
0.07556990897105281
0.0751648652331583
0.07476082166167619
0.07435777920782438
0.07395573882046419
0.0735547014460971
0.07315466802886406
0.07275563951054204
0.07235761683054209
0.07196060092590834
0.07156459273131305
0.07116959317905724
0.070775603199067
0.07038262371889165
0.06999065566370155
0.06959969995628618
0.06920975751705072
0.06882082926401628
0.06843291611281549
0.06804601897669127
0.06766013876649479
0.0672752763906827
0.0668914327553159
0.06650860876405662
0.06612680531816678
0.06574602331650542
0.06536626365552761
0.06498752722928042
0.06460981492940276
0.06423312764512235
0.06385746626325361
0.06348283166819618
0.06310922474193154
0.06273664636402254
0.06236509741161006
0.06199457875941222
0.061625091279720934
0.06125663584240065
0.06088921331488584
0.06052282456217961
0.060157470446851324
0.05979315182903433
0.0594298695664246
0.05906762451427722
0.058706417525406784
0.05834624945018324
0.05798712113653082
0.05762903342992587
0.05727198717339521
0.05691598320751312
0.05656102237040067
0.056207105497723064
0.05585423342268747
0.055502406976042085
0.0551516269860724
0.05480189427860088
0.05445320967698447
0.054105574002112466
0.0537589880724047
0.05341345270380998
0.053068968709803155
0.05272553690138421
0.05238315808707661
0.05204183307292404
0.05170156266248971
0.0513623476568536
0.05102418885461135
0.05068708705187197
0.05035104304225613
0.050016057616893816
0.04968213156442369
0.049349265670989295
0.04901746072023899
0.04868671749332332
0.04835703676889308
0.04802841932309804
0.04770086592958411
0.04737437735949279
0.04704895438145823
0.04672459776160659
0.04640130826355299
0.04607908664840055
0.04575793367473785
0.045437850098638266
0.045118836673657126
0.044800894150830606
0.04448402327867379
0.04416822480317811
0.04385349946781142
0.04353984801351429
0.04322727117869951
0.04291576969924987
0.042605344308516535
0.04229599573731696
0.041987724713933916
0.04168053196411331
0.041374418211062136
0.04106938417544809
0.04076543057539578
0.04046255812648686
0.04016076754175768
0.03986005953169752
0.03956043480424687
0.039261894064796354
0.03896443801618388
0.038668067358694214
0.038372782790057125
0.03807858500544492
0.03778547469747173
0.03749345255619102
0.03720251926909485
0.036912675521111826
0.036623921994605346
0.03633625936937218
0.03604968832264127
0.035764209529070945
0.0354798236607487
0.035196531387188756
0.03491433337533084
0.03463323028953852
0.03435322279159769
0.034074311540714664
0.03379649719351502
0.03351978040404252
0.03324416182375628
0.03296964210153047
0.03269622188365168
0.032423901813818545
0.03215268253313952
0.03188256468013145
0.03161354889071821
0.03134563579822924
0.03107882603339779
0.03081312022435967
0.030548518996651675
0.03028502297321034
0.030022632774370117
0.029761349017861816
0.029501172318811886
0.029242103289740196
0.028984142540558866
0.02872729067857127
0.02847154830846982
0.028216916032334727
0.027963394449633083
0.027710984157217122
0.027459685749322726
0.027209499817568317
0.026960426950952854
0.026712467735855117
0.02646562275603237
0.026219892592618255
0.025975277824122123
0.025731779026427315
0.02548939677278972
0.02524813163383688
0.025007984177566334
0.02476895496934417
0.024531044571904026
0.02429425354534548
0.024058582447132826
0.02382403183209386
0.02359060225241838
0.023358294257657064
0.02312710839472021
0.022897045207875943
0.022668105238749514
0.022440289026322335
0.022213597106929606
0.021988030014259974
0.021763588279353596
0.021540272430601748
0.021318082993744825
0.021097020491871343
0.020877085445416943
0.02065827837216272
0.020440599787234393
0.020224050203100863
0.020008630129573157
0.01979434007380315
0.019581180540282406
0.019369152030840664
0.019158255044645356
0.01894849007819982
0.01873985762534225
0.018532358177245134
0.018325992222413046
0.018120760246682077
0.017916662733218847
0.017713700162519108
0.017511873012406753
0.01731118175803259
0.017111626871872954
0.01691320882372921
0.01671592808072636
0.016519785107311835
0.016324780365254365
0.016130914313643163
0.015938187408886417
0.015746600104710795
0.015556152852159943
0.01536684609959349
0.015178680292686209
0.014991655874426524
0.014805773285116064
0.014621032962368163
0.014437435341106863
0.014254980853566301
0.014073669929289156
0.013893502995125873
0.01371448047523377
0.01353660279107577
0.013359870361419945
0.01318428360233792
0.013009842927203918
0.012836548746694265
0.012664401468786113
0.012493401498756496
0.012323549239181386
0.012154845089934807
0.011987289448187777
0.011820882708407587
0.011655625262356584
0.011491517499091441
0.011328559804962335
0.011166752563611493
0.011006096155973144
0.010846590960271962
0.010688237352022345
0.010531035704027747
0.01037498638637957
0.010220089766456164
0.010066346208922272
0.009913756075728086
0.00976231972610836
0.009612037516581518
0.009462909800948716
0.009314936930293283
0.00916811925297989
0.009022457114653493
0.008877950858238448
0.008734600823938232
0.008592407349233833
0.008451370768883804
0.008311491414922989
0.00817276961666169
0.008035205700685166
0.0078987999908528
0.007763552808297158
0.0076294644714233195
0.007496535295908213
0.007364765594699896
0.007234155678016663
0.0071047058533462715
0.006976416425445553
0.006849287696339246
0.0067233199653198294
0.006598513528946304
0.006474868681043577
0.006352385712702191
0.00623106491227704
0.006110906565387264
0.005991910954915136
0.005874078361005564
0.005757409061065366
0.005641903329762998
0.005527561439027162
0.005414383658046917
0.005302370253270627
0.005191521488405293
0.005081837624416163
0.004973318919526126
0.004865965629214819
0.0047597780062183515
0.00465475630052864
0.004550900759392351
0.004448211627311127
0.004346689146040417
0.004246333554589143
0.00414714508921904
0.004049123983444147
0.00395227046803015
0.003856584770994209
0.003762067117603962
0.003668717730377191
0.003576536829081378
0.003485524630732928
0.0033956813495970017
0.00330700719718674
0.0032195023822629842
0.003133167110833557
0.003048001586152871
0.0029640060087216535
0.0028811805762860576
0.002799525483837495
0.002719040923612248
0.0026397270850907484
0.0025615841549971874
0.0024846123172993506
0.002408811753207729
0.002334182641175686
0.002260725156898402
0.002188439473312931
0.002117325760597477
0.0020473841861712305
0.001978614914693866
0.00191101810806521
0.0018445939254247423
0.0017793425231512616
0.0017152640548627196
0.0016523586714155547
0.0015906265209045256
0.0015300677486623226
0.0014706824972591237
0.0014124709065024832
0.001355433113436777
0.0012995692523429803
0.0012448794547383346
0.0011913638493762368
0.0011390225622454064
0.001087855716570163
0.0010378634328099268
0.000989045828658719
0.0009414030190452727
0.0008949351161324226
0.0008496422293170491
0.000805524465229801
0.0007625819277347068
0.0007208147179290636
0.0006802229341432153
0.0006408066719401084
0.0006025660241153474
0.0005655010806968619
0.0005296119289446288
0.0004948986533505617
0.0004613613356381774
0.00042900005476265157
0.0003978148869103748
0.0003678059054988969
0.00033897318117676045
0.0003113167818232232
0.00028483677254836914
0.0002595332156925534
0.00023540617082656867
0.00021245569475147885
0.00019068184149834133
0.00017008466232815156
0.000150664205731732
0.00013242051742962113
0.00011535364037190687
9.946361473822662e-05
8.475047793771173e-05
7.121426460854341e-05
5.885500661845233e-05
4.767273306405251e-05
3.766747027122985e-05
2.8839241794864634e-05
2.118806841866494e-05
1.4713968155499746e-05
9.41695624689931e-06
5.2970451633327365e-06
2.3542446042079668e-06
5.885614974276976e-07
0.0